-4.3050049390e-02
4.2811678260e-01
-5.7124594145e-01
-8.1171647390e-02
1.0106796286e-01
-3.7390206355e-02
-4.8184594597e-01
-6.6043739536e-01
-8.1645699978e-02
1.8227080864e-02
-4.4639768818e-01
1.7302677270e-01
-4.8655141914e-01
4.3410025505e-02
6.6129883881e-02
1.0882662930e-02
8.9533170493e-02
2.5207677925e-01
8.3281995503e-01
2.0005379859e-01
3.5226438389e-01
2.1258253127e-01
1.7613120828e-01
-5.1262338622e-01
-2.0164028515e-01
-2.3256813044e-01
-5.6706168181e-02
-4.7099493607e-01
4.3130814366e-01
-3.0716560923e-01
2.9994029872e-02
-1.1298799436e-01
1.0425253855e-01
5.0274689953e-02
-4.0377577553e-01
-5.1163048523e-02
-6.2555875766e-02
-1.6696882227e-02
-4.9372251010e-02
-5.5741123117e-01
-1.0690615148e-01
-1.4041852234e-01
1.4255506466e-01
-3.9180968212e-02
-5.0336013092e-01
-1.0420531663e-01
3.2081873559e-01
-2.2074280128e-01
1.0360214590e-01
-1.6459073954e-02
3.1139649050e-01
1.7776578434e-01
5.6683672441e-02
4.1317478296e-01
-2.4972540668e-01
-2.4910280719e-01
-1.1617633452e-01
-7.0761496813e-01
-2.7997811471e-01
-1.4896401744e-02
2.9750504082e-01
-1.8119768777e-02
-2.2754163264e-02
9.3211544284e-02
-8.0897467678e-02
-1.3254723779e-01
-6.4740300844e-01
4.5061527665e-01
1.3338319414e-01
3.5797899066e-01
-5.7786731642e-02
-6.8808655259e-01
-2.3290268487e-01
2.0706793951e-02
-1.1912770572e-01
5.5804674320e-01
-7.1896947083e-02
1.2058868392e-01
5.3486224309e-01
3.3168862882e-02
-1.4035572988e-01
-1.1865998066e-01
3.3592892448e-01
6.5250914872e-02
8.5754300523e-02
-2.1151297846e-02
-1.7023950005e-01
-2.2380341374e-01
-5.2483891931e-02
-4.9346410690e-01
-1.3564477442e-01
3.8974566576e-02
1.7403340522e-01
-1.9167549256e-01
-6.5499303736e-02
-3.0414369019e-01
5.2118511298e-01
8.2359741078e-02
-5.6853437738e-01
5.3732788961e-01
-3.6344637930e-01
5.5073926596e-02
-1.2025763389e-01
-4.2878745631e-01
7.6219707101e-02
-8.9354814268e-04
-2.3304114429e-01
1.5333795287e-01
-8.6386940663e-02
-3.2828707231e-01
-1.3878046565e-01
5.6510553015e-01
-8.4059978389e-02
-1.9703253703e-01
2.5643823376e-01
1.2273627182e-01
3.0012472781e-01
2.5651263561e-01
-4.7534472781e-01
-4.9060027503e-01
-1.9223638147e-01
-3.7905396885e-01
-9.7770124228e-02
-4.1049800138e-01
1.8651353232e-01
-2.0835719607e-01
-2.0710103431e-01
1.6909185457e-01
2.5865696682e-01
2.7881402712e-01
-2.3300942978e-01
3.4670435182e-01
-2.5785255806e-01
3.2936207409e-01
-4.6418217702e-01
-1.9605387279e-01
-1.9822826024e-01
2.7637193093e-01
-3.1907352288e-01
-1.5005306580e-02
-6.9039510143e-02
-4.6541709596e-01
1.0363021399e-01
6.2176341681e-02
1.0592802010e-01
1.5916791548e-01
-1.1982873629e-02
9.8621328491e-02
-1.3785401309e-01
1.5839788207e-03
-4.5924930178e-01
-3.5921192839e-02
-5.3251651777e-01
-4.0198597193e-01
-3.6719234607e-01
2.5040116182e-01
1.8974240517e-01
7.3457518382e-03
-1.2723730921e-01
2.0762520431e-01
2.4569574465e-01
5.2697995789e-02
-5.3269922032e-01
4.7561249231e-02
-2.4435897451e-01
-1.3136457600e-02
8.3424425273e-02
-5.0113819905e-01
-3.2398147447e-01
4.2748814821e-02
-1.0064156362e-01
1.2026799313e-01
-4.1716930858e-01
-1.7969496044e-01
3.8478788245e-02
-4.8198638719e-02
-4.7362506078e-02
-1.8345864813e-01
8.6697165426e-02
3.0519594478e-01
4.0272149242e-02
4.8005941360e-01
-4.3288883571e-01
-2.5593271232e-01
-2.0033815221e-01
-5.6531398174e-01
-1.7756395082e-01
2.5363355176e-02
5.8697554409e-01
-2.2022268712e-02
1.4209763774e-01
-1.2235507522e-01
2.7163782755e-01
7.0977362315e-02
-3.7515647909e-01
5.8966001218e-01
-2.3038970841e-01
7.1809612265e-02
-1.1088666089e-01
-5.0916645243e-01
2.7569648920e-01
1.5930267497e-01
8.1028251894e-03
1.8058280111e-01
-2.9616758070e-02
-3.1870602472e-02
-4.1666312999e-02
5.8120387411e-02
9.2650012325e-02
-8.5068298778e-02
1.9298510517e-01
-1.0851537304e-02
-1.5153075125e-01
1.9037050815e-02
-1.4986214448e-01
-3.4983818293e-01
-2.5747548081e-01
-1.9665250770e-01
3.0224031065e-02
1.8416702477e-01
-1.2379865043e-02
-1.0356880552e-01
-2.0243277243e-01
-1.5888678565e-01
5.9540619936e-02
1.0805477262e-01
-6.6344816860e-01
1.4281258165e-01
2.0265056834e-01
1.6537518715e-01
-3.0819244155e-01
-6.7357680054e-01
1.5651258800e-03
-1.8569998742e-02
-2.4681659600e-01
3.3759403106e-01
-2.3346072182e-01
-2.7058983248e-01
1.1598254576e-01
1.4044421061e-01
4.1056338239e-02
-1.5284730165e-02
7.5974653820e-01
2.7151641764e-01
4.3411732177e-01
7.7598341876e-02
-1.8827097167e-02
-6.8268688271e-01
1.0687929177e-02
-4.0388718813e-01
-9.7363182297e-02
-4.4111056535e-01
4.5143870082e-02
-5.1147763155e-01
-2.9480031486e-01
4.7807083773e-02
4.2424833396e-01
3.1777129594e-01
-6.2859242211e-01
3.0900568935e-01
-3.1939527759e-01
2.3397629081e-01
-4.7558632017e-01
-5.8243483044e-02
-1.4121288435e-01
8.5302545005e-02
-3.2416583841e-01
1.3292340224e-01
4.8682139014e-02
-8.4691234840e-01
3.9513472403e-02
-1.0810737920e-01
-8.2992807526e-02
-1.3279916008e-01
-2.6449317978e-02
2.1798652121e-01
-2.5514830048e-01
-1.0535697092e-01
-5.0291371007e-01
5.3352760269e-03
-3.8939031012e-01
-4.9866283589e-02
-2.6996386886e-01
2.1374288657e-01
1.3036710373e-01
2.1231556235e-01
-2.0439268772e-01
2.1773583751e-01
2.6647230952e-01
2.2202083395e-01
-5.2250275706e-01
3.6198426177e-01
-1.3577231668e-01
-4.0372413269e-02
-2.7608043015e-01
-5.9264750543e-01
1.8936922275e-01
-3.3583060328e-03
-1.6610926272e-01
3.6890102048e-01
-2.2770392614e-01
-1.7128444931e-01
-1.9657747500e-01
2.9354390722e-01
7.6214227188e-02
-4.7494065439e-02
2.3698580315e-01
1.4019293406e-01
2.2621379023e-01
7.3821696698e-02
-1.8570347375e-01
-6.7876095864e-01
-9.7219938571e-02
-1.2071740911e-01
1.2966004699e-01
-6.7299251131e-03
1.4489417344e-01
-3.2880260795e-01
-8.7454818858e-02
-2.5151298682e-02
-2.2642391614e-01
4.2923475227e-01
-3.8030273154e-01
1.4582647000e-01
1.2084566065e-01
-2.5715002236e-01
-4.5851816424e-01
-5.6100812654e-01
-3.3134620186e-01
1.2057508214e-01
-3.8058384414e-01
4.5740262161e-01
-3.1296420065e-01
-3.2922888715e-01
-1.5305151161e-01
3.9183606157e-01
5.2194761252e-01
9.8881088354e-03
-3.4338312329e-02
2.8866692291e-01
6.2208552126e-01
-1.2054206279e-01
2.9255261822e-02
-5.3251382231e-01
-1.0411729639e-01
-1.4162738162e-01
2.4657563333e-01
-2.6451997629e-01
3.2752330629e-01
-3.7549819635e-01
2.6548908550e-01
4.0040728055e-02
1.6881138677e-01
1.0487502918e-01
-3.1453925731e-01
4.7378270230e-01
6.2624212516e-02
2.3085353068e-01
-1.3426659013e-01
-4.9147207142e-01
-1.7804159758e-02
2.0422470230e-01
-3.3849276351e-01
3.2131193647e-01
-1.9387717231e-01
-6.3347253965e-02
3.0199975146e-01
7.0110911188e-02
-5.4663446142e-02
-1.4133810456e-01
3.9430192489e-02
7.8713246570e-02
3.6584888788e-02
6.7054430057e-02
-8.0252665151e-02
-2.6915448677e-01
-2.1269310448e-01
-3.7887599293e-01
-1.3608000514e-01
-6.5003756881e-02
1.1224878987e-01
-1.2770555953e-01
-4.6981873319e-02
-1.2207116530e-01
4.5664731971e-01
2.2060069746e-01
-3.7031948166e-01
2.4384900387e-01
-6.0529724581e-01
-3.2326567027e-01
-3.0232729466e-01
-6.0856914425e-01
1.6621114324e-02
-1.7213053555e-01
-2.2627275350e-01
-1.2562441350e-01
-5.0219862477e-01
-1.8884600155e-01
4.4892552087e-01
1.6683918888e-01
9.8440953758e-02
5.7850462845e-02
-3.7190855129e-02
2.8178309980e-01
-2.0061290370e-02
7.8860990331e-02
-6.8271227232e-01
-3.8013569594e-01
2.0676365501e-01
-1.0662774864e+00
-2.7350636621e-01
1.5087301080e-01
1.1228389747e-01
2.5630210672e-01
-3.3760495185e-01
3.7931215556e-01
-4.3976246839e-01
5.4272231802e-01
-2.2325342596e-01
3.8327989073e-01
7.4059279569e-01
-2.6694692276e-02
-2.2521484152e-01
-6.6237049147e-01
-3.0596925212e-01
1.0820332009e-01
-1.2567782267e-01
-1.9746448479e-01
-4.6955784336e-01
-6.2373816194e-01
1.0318509290e-01
6.8191364333e-01
4.6733734978e-01
3.0704185462e-02
-3.4022029965e-01
7.9824267250e-02
4.1166312815e-01
2.3917596397e-01
-2.0697111539e-01
-2.2532163830e-01
9.8278812185e-02
-5.6920946932e-01
2.7890967186e-01
-1.4040909059e-01
2.0366206575e-01
-6.7866487105e-01
2.8931636914e-01
2.9196825382e-01
1.1729955913e-02
3.3359767134e-01
-5.0440376472e-01
1.4543376742e-01
-4.1816881370e-02
-1.5508074501e-01
-2.1008217680e-01
-4.6483987672e-01
-2.2315092386e-01
1.0709450926e-01
-3.7871570669e-01
3.6772918918e-01
-3.9390918582e-01
7.3564816883e-02
-1.8967277664e-01
-1.0777543619e-01
1.5654480288e-01
3.7407912505e-02
2.6051883570e-01
4.1843164158e-01
1.3356139902e-01
3.7317153057e-01
1.0145578271e-01
-4.6067641085e-01
-2.5459193210e-01
-2.5437202553e-01
-6.0893239823e-02
-4.5780260909e-01
6.5130396037e-01
6.2098716376e-02
2.3946174174e-01
-3.3005554008e-01
3.2006029462e-03
3.0769389599e-01
-1.3004271917e-01
4.0634924987e-01
1.7804990480e-01
1.7292877994e-01
-3.4911917805e-01
-2.3990032094e-01
-3.2145694122e-01
1.1866992108e-01
-3.5721899353e-01
5.2512594066e-01
-2.7381667094e-01
1.6485135151e-01
1.5223233330e-01
1.6636105771e-01
4.4654700543e-01
9.3478037580e-02
1.4792830339e-02
7.2427794321e-02
2.9659386643e-01
1.3008866770e-01
-1.6755134500e-01
-3.3663652265e-01
-4.1629603526e-01
-4.1633835400e-01
-1.8018421281e-01
-5.5150003869e-02
4.4375465269e-01
-3.0442435484e-01
1.0223215982e-02
-5.2283565542e-02
3.7962161624e-01
1.8495994716e-01
-2.6299347405e-01
5.7837165965e-01
4.6443773151e-01
-2.0761438438e-01
-5.8106080943e-01
-6.4393374311e-01
-7.9493632815e-02
-1.3262875665e-01
2.3075070450e-01
2.8195145871e-01
-5.0711029074e-01
-4.1138548973e-03
4.0443165281e-01
3.5543272352e-01
-2.9119693836e-01
-2.9821107543e-01
4.0042838613e-01
1.5646090389e-01
8.6036376935e-01
1.4133880171e-01
-6.8010884739e-02
-3.5938012644e-01
-3.6488692568e-01
-1.9433668204e-01
1.1255322993e-01
1.0158158519e-01
-1.9825673126e-02
-3.1334817536e-01
-5.7469052735e-02
-2.1144886578e-01
-3.8169122646e-01
2.2218442048e-01
-2.4402729462e-01
-2.3583329081e-02
4.6844922669e-01
-1.7688864007e-01
-1.2557029772e-01
-3.7095187833e-01
-1.8789933322e-01
-1.2661011258e-01
-2.8526234226e-01
6.1233188037e-02
-3.7027502081e-01
-6.3694005763e-01
-1.5958450680e-01
4.0091336409e-01
7.2804226629e-01
-2.5490151947e-02
-5.2833530549e-03
3.1072927882e-01
4.4471781957e-01
2.2967020176e-01
1.8212488824e-01
-8.7865758814e-02
4.9398836880e-02
-2.2920044260e-01
3.0907631837e-01
-3.2409565634e-01
1.5003530597e-01
-4.1750593425e-01
2.8427663606e-01
4.8696060545e-01
4.2398881746e-01
2.1323794872e-01
-4.6990042108e-01
4.3189256267e-01
-6.4699241781e-01
1.0870248925e-01
-2.4153737562e-01
-3.8351589003e-02
6.7352403315e-02
2.2836734859e-01
-3.2645413451e-01
1.1417202608e-01
1.0344150716e-01
-5.4478239461e-01
8.2761259431e-02
-1.5909450691e-01
-1.4962951020e-01
-2.3827987300e-01
-1.0368183113e-01
1.9675620240e-01
-4.8055405089e-01
-1.6424897326e-01
-4.7175482080e-01
-1.2411619019e-02
-2.7266368316e-01
-2.3707004207e-01
-4.8943717272e-01
3.7033664438e-01
-1.6667966821e-02
1.0059932405e-01
-2.7524097904e-01
-7.5585071723e-02
4.3470847172e-02
1.9475935532e-01
-4.2924384485e-01
6.8460309957e-01
-2.2503087056e-01
3.2102829273e-02
2.9892515298e-03
-4.0198983156e-01
-1.5352171534e-01
5.3358063181e-02
-2.0294211514e-01
4.0494973983e-01
-2.8991022229e-01
-4.3587077528e-02
-8.6256951862e-03
2.9759873306e-02
6.3336911827e-02
-1.7999281033e-02
-9.5433114927e-02
1.1118624812e-01
2.0772641624e-02
3.7665697454e-01
-2.7482784883e-01
-3.4568749492e-01
-2.5591327807e-01
-5.3338858941e-01
-3.0562214946e-02
-2.9372168795e-01
1.6126659946e-01
-1.6098284387e-01
4.9182740506e-02
-4.5558825609e-01
4.8856981383e-01
1.5450328359e-01
-4.3452099812e-01
4.1783488767e-01
1.4589951174e-01
-9.4584023040e-02
-5.7481980059e-01
-4.7936459918e-01
-2.4824356931e-02
6.4626701269e-02
-4.6223184187e-01
4.9397642912e-02
-5.3509295755e-01
-5.9582425531e-02
1.3051711001e-01
2.1170685322e-01
-2.2202856385e-02
-2.1088180395e-01
3.9100786658e-01
3.4682139585e-01
3.0275659957e-01
3.5691626894e-01
-1.0760740560e-01
-2.6480569434e-01
-1.5519453515e-01
-4.5048594325e-01
2.6713523173e-02
4.8113459047e-02
1.9924573012e-01
4.2415519599e-02
-6.2420580857e-02
-2.1780388477e-02
7.2094105553e-02
5.3721076483e-01
-3.6168645809e-01
6.9408782700e-01
2.2888172282e-01
1.5844827087e-01
-3.0062410944e-01
-6.4028970927e-01
2.4346530515e-02
-2.3377308971e-01
-6.0580175759e-02
5.8675139874e-01
-2.2167267034e-01
2.9804149024e-01
1.2431681194e-01
7.5794907759e-02
3.9213473069e-02
-3.3015751509e-02
2.9141286960e-02
-1.1026967762e-01
2.4558817793e-01
-7.2373896356e-02
-4.5878602653e-01
-6.1300780204e-01
-2.2669257766e-01
-2.6953981888e-01
-1.0786243788e-01
3.4682213022e-01
4.4868800950e-01
-3.5483855454e-01
-1.0820941915e-02
-3.7470309583e-02
3.9939030398e-01
5.4064549461e-01
-4.4773596591e-01
8.6735208963e-01
1.4633319349e-01
-2.7400155852e-01
2.4540329557e-02
-2.3735065660e-01
1.3245961983e-01
-6.5008231865e-01
6.8579232621e-02
1.5243223981e-01
-2.4046961755e-01
-1.7743850581e-01
2.3889328750e-01
2.0581415956e-01
-6.8325645838e-02
-2.4800081671e-01
-5.1121034352e-01
-2.1424932078e-01
6.3883030250e-03
2.8477063927e-01
-4.9899512714e-01
-3.2959302276e-01
-3.2430369620e-01
-2.4565235340e-01
1.8281596313e-01
3.6185360799e-01
-8.0051626718e-02
-1.2348993013e-01
-2.1690896559e-01
2.4813666026e-02
1.7471242261e-01
1.3631223472e-01
-3.9711180729e-01
-1.1609627569e-01
1.5656722129e-02
3.4676356021e-02
-3.4267246328e-01
-4.5361547730e-01
-2.4444855457e-01
3.5452618369e-02
-5.7879707592e-01
-2.3707743822e-02
-4.4172231123e-01
-4.4579187018e-01
-2.6579594577e-01
1.3489310180e-01
2.7546444032e-01
5.4815920416e-02
6.5524750046e-01
3.2692478291e-01
2.7945303546e-01
4.1138468817e-01
-7.0903565847e-02
-3.9959856988e-01
-8.6791989429e-02
-6.1377922242e-01
-6.6586674522e-02
-3.1219115094e-01
1.9392698153e-01
-3.6881663526e-01
-5.8109665373e-02
2.4750139187e-01
1.0749561975e-01
3.8442918824e-01
-2.3394444231e-01
6.5692060152e-01
-2.6188606033e-01
-1.6145867128e-01
-2.6283245183e-01
-3.4242620449e-01
-1.1446083241e-01
1.8664049705e-01
-1.7565928883e-01
4.5156942222e-01
-2.1988272619e-01
2.1486532750e-01
-1.8809476947e-02
1.7064659791e-01
3.2948055285e-02
1.5798520178e-01
1.3030819896e-01
-7.0280665468e-02
2.5799019617e-01
2.1928198324e-01
-2.4441622835e-01
-3.7780704895e-01
-4.4701868141e-01
-3.4157080717e-01
-3.8105739589e-02
-1.9578613560e-01
2.0659454082e-01
-2.2776758767e-01
1.6779181084e-01
-2.9168052842e-01
-3.6201259443e-02
3.4658240485e-01
-6.8332721341e-01
1.6575690957e-02
-1.9028203870e-01
-1.6090017254e-01
-2.0012255460e-01
-5.2208160267e-01
8.1848274015e-01
-3.4898577334e-01
-5.4769113191e-02
-2.8192130454e-02
-4.6952184799e-01
2.6878313855e-01
7.5882115386e-01
-1.1887713487e-01
2.6925592298e-01
1.7962099775e-01
6.6335437732e-01
-2.8042198839e-01
3.5730166987e-01
6.8351138242e-02
3.3341132123e-01
-4.1223918021e-01
-4.3469596602e-01
4.2578320734e-02
-3.3500115452e-01
-3.4596903238e-01
-1.8307057771e-03
-3.4656293892e-01
-2.9039628071e-01
4.7333188291e-02
2.0390233836e-01
1.9395091473e-02
-1.1239198222e-01
2.7052283111e-01
4.2110746801e-02
3.5184520862e-01
3.9248466646e-02
-3.2571088143e-01
-7.2951681575e-03
1.8507608335e-01
-2.1813572086e-01
4.0151264230e-01
-6.3521119922e-02
4.9569507450e-02
1.1061173030e-01
4.5533615417e-02
3.1834591855e-01
-3.1623890512e-02
2.3667285688e-01
3.2297533793e-03
1.2252009697e-01
6.0630607846e-02
-7.5705034356e-02
-3.4299441958e-01
-2.9015332555e-01
-3.9662813858e-01
-2.4535746358e-01
-1.6754156920e-01
1.9888411636e-01
-2.7797357847e-01
-1.5899092447e-01
4.6679811986e-02
2.7802226746e-01
1.6543611756e-01
-6.4059511578e-01
3.2124728076e-01
6.0100468176e-02
2.5391467846e-01
-5.0999256355e-01
-3.8660135359e-01
1.0038389037e-03
1.3477317997e-01
-2.3483639592e-01
1.5743777250e-01
-8.3584016828e-02
-4.5050273810e-01
6.6850540706e-02
5.7862385498e-02
3.9884420618e-02
-1.4916932301e-01
3.8073387253e-01
1.4676584086e-01
1.7218486025e-01
2.7072483141e-01
-1.6447908354e-01
-3.0837971303e-01
-1.8673339020e-01
-4.0388352632e-01
-1.8964669253e-01
-4.9078262386e-02
1.9635063387e-02
-1.3365672148e-01
-3.6207593235e-01
8.9127904953e-02
-2.9619871482e-01
3.1826260844e-01
-1.6635741432e-01
3.8640898709e-01
6.2786150146e-01
-1.2067155254e-01
-1.9797565123e-01
-4.6957350734e-01
7.0440954286e-02
8.7238466881e-02
-1.7292685235e-01
-1.8027900906e-01
-4.6400329989e-01
-4.0001247943e-01
2.3215965688e-01
5.3986500387e-01
4.7868090533e-01
-4.6894575584e-02
-3.8918127865e-02
5.7277548953e-02
3.7470995336e-01
1.7802295507e-01
1.1068594235e-01
-7.4440078564e-02
-2.4433199272e-04
-3.3489940939e-01
3.0460825246e-01
-1.2502287435e-01
-1.4851205805e-02
-5.7087241281e-01
1.8788851690e-01
3.0728011717e-01
-1.6377220570e-01
1.1720676875e-01
-8.1064562619e-01
2.9993967918e-01
1.4530714728e-02
-1.2053337765e-01
-3.1733692106e-01
-5.1399168054e-01
-2.2151068532e-01
-1.9290731418e-01
-1.3305211873e-01
8.2693663018e-01
-1.1168023790e-02
-1.3968893869e-01
-3.1554263107e-02
2.0486930436e-01
3.8738048566e-01
-1.6688670368e-01
1.8957250787e-01
1.1203175312e-01
3.2755855753e-01
-1.3128856053e-01
9.9309813890e-02
-5.4195939481e-01
7.5093890685e-02
-1.3180882747e-01
9.7556726793e-02
-2.6226942143e-01
-3.4080230517e-03
-2.7969732007e-01
-1.3503225913e-01
-1.1691973090e-01
7.6264115993e-02
1.3006362173e-01
-5.5306521416e-01
3.3567292032e-01
-1.6264341365e-02
3.9424985738e-02
-4.0497378434e-01
-5.6825089665e-01
4.8587831014e-02
6.1761491280e-02
-9.6511048412e-02
5.5908105984e-01
-1.7222465970e-01
-5.8015327190e-02
-5.3134571799e-02
-1.7317885841e-02
2.4294731240e-02
-1.9525142501e-01
3.9789391609e-01
3.0121042126e-01
3.2181305592e-01
-4.6995707958e-02
-1.0102207364e-01
-6.8152842385e-01
-1.1849524353e-01
-1.5597107651e-01
-8.5990692779e-02
4.9971988507e-02
1.7099266081e-01
-3.4807532088e-01
-4.8345452285e-02
-2.0615948621e-01
1.9587434496e-01
2.4210176422e-01
-5.6718522684e-01
4.0430547103e-01
-8.0168798808e-02
8.1579231205e-02
-2.1267126028e-01
-4.9646464598e-01
-9.0553505956e-02
-1.2648745904e-01
-2.3294346395e-01
1.0870021996e-01
-2.1935135962e-01
-3.2078393234e-01
1.4542893380e-01
9.5287184884e-02
6.8698024712e-02
-1.9872461641e-01
4.7185725947e-02
1.4769543492e-01
1.1057255839e-01
2.3470828073e-01
-4.3276306925e-01
-4.1328002299e-01
-1.5558949672e-01
-5.0873202910e-01
-1.9190928537e-01
-2.1496101194e-02
1.2057600558e-01
-1.5111245747e-01
-1.6118531958e-01
8.7495425585e-02
