5.5678209523e-03
6.0285245437e-03
2.0628860491e-02
6.3082452851e-03
1.0351872739e-01
3.5944987238e-02
3.3482467538e-02
1.6422006505e-03
2.5204022808e-03
8.1632955993e-02
4.8924364121e-02
5.7831135842e-03
3.9400647825e-02
1.5602952185e-02
3.1631096800e-03
3.0402058048e-02
1.6317218649e-01
1.2858868335e-02
7.6076669221e-03
3.1358485880e-02
8.8911428106e-02
3.7864480980e-03
4.6473114997e-02
6.2645031218e-03
9.3765338200e-02
1.5328722992e-02
3.3677546483e-03
9.3905023749e-03
3.4219954299e-02
1.4219484075e-02
5.0260339108e-03
2.3698069741e-02
1.6081227230e-01
2.9819617802e-03
4.3231271713e-02
6.5415644417e-03
7.5177627456e-02
6.7314584008e-02
1.3917500070e-02
1.6673956846e-01
4.1912455936e-02
3.9129647353e-03
2.8595621868e-02
4.0186603441e-02
4.2375901770e-02
1.2373009484e-02
1.3491426497e-02
2.1708030916e-02
3.4251780849e-02
6.4350102558e-03
9.4309507139e-03
3.5296918192e-03
1.2921216066e-02
3.6463807274e-02
2.2211378189e-02
5.0324100855e-02
3.9507990528e-03
2.9396358744e-02
1.1275636380e-02
7.6109918769e-03
5.8003246349e-03
1.0535838797e-02
5.6735717494e-03
8.9161778623e-03
3.5301638023e-03
5.0627887710e-02
2.6973471158e-03
1.3701906986e-01
3.3129968926e-02
3.7085280294e-02
4.5490402885e-02
1.1615025870e-01
1.5411662252e-02
2.8313805885e-02
2.6859217210e-03
1.5543369215e-02
9.6218133878e-02
3.9357886375e-02
4.9178771964e-02
3.1873928301e-02
2.5422808823e-03
1.6091905441e-02
2.2911851184e-03
9.9481573493e-03
1.8155837205e-03
1.5958339397e-02
5.4930553879e-02
1.8997872826e-02
3.6799372067e-03
6.1234237499e-02
2.0585190960e-03
4.1712593081e-02
9.7882276519e-03
1.3265234771e-02
4.0168222767e-03
3.7354690920e-02
1.0801427415e-02
2.3902633087e-03
2.8511374115e-02
5.3834066659e-03
1.6009765608e-02
6.9924340791e-03
4.9499023827e-03
3.2175181299e-03
7.1766066046e-02
1.3245629523e-02
1.8997412267e-02
6.4641877085e-03
3.0511139266e-02
5.8167739119e-03
1.2584697329e-02
7.6061943856e-02
8.8506473270e-02
9.6069667943e-02
8.0868575003e-02
1.3992647850e-02
6.9164226873e-03
1.1928492251e-02
3.0739456162e-03
9.8475448031e-02
2.6352466640e-02
5.1274374625e-03
9.2796216071e-03
7.3816547953e-03
7.3530141168e-02
5.4085481084e-02
8.3982519466e-02
2.6725063514e-02
4.0904784804e-02
1.0516585554e-01
1.8927775290e-02
4.3585494330e-02
1.1426849237e-02
9.6092429753e-03
5.1250286950e-02
1.4738280078e-02
9.3705970344e-03
9.9076008855e-03
1.7968010327e-02
5.5026251163e-03
3.8043800887e-03
2.2021196957e-02
1.5486438770e-02
9.2876515731e-03
3.0785636712e-02
1.5361987959e-02
5.6216650382e-02
1.3434720142e-02
3.3727425518e-02
6.7741990202e-03
2.1326962671e-02
5.4074033273e-03
6.0731591740e-02
2.4163622402e-02
1.5840090884e-01
6.3942909310e-02
7.2557887131e-02
1.2384736770e-02
6.0352686446e-03
2.9791019477e-02
6.2075331406e-02
9.8746201746e-03
1.0795700435e-02
1.5040815697e-02
2.4184019061e-02
2.9246345629e-02
1.4326911715e-02
2.0986329652e-01
4.3641956367e-02
1.9667466544e-02
6.6776293570e-03
1.0447395793e-02
9.2952865899e-03
6.2079841640e-03
4.7923640317e-03
5.8351386669e-03
2.8904108975e-02
1.7668885225e-02
2.0231218315e-02
3.8563181398e-02
4.0735961338e-02
5.2674563805e-02
1.9469958023e-02
9.1229103731e-02
1.4698330563e-02
4.6045443222e-02
1.7072581815e-02
2.7619919321e-02
1.7439340377e-02
2.3247033088e-02
4.4947026144e-02
1.7481082513e-02
1.1826836321e-02
4.1328651848e-02
2.3535501444e-02
3.1607258631e-02
1.1157310691e-02
9.3453830941e-03
3.2694825435e-02
1.9998455817e-02
1.6251459951e-02
2.6541447333e-02
9.1914650564e-03
1.2177554794e-01
3.6702353466e-02
2.1404621172e-02
3.3126124086e-02
1.3135490570e-02
2.0651032624e-02
2.4257182306e-02
3.1819167859e-02
2.4588178799e-02
7.0967564980e-03
2.4361008174e-02
3.3735120706e-02
5.1287227643e-02
7.2337829638e-02
6.1994648276e-02
1.5163461937e-02
1.8595331816e-02
2.9679420174e-02
2.0930353536e-02
2.3900308559e-02
7.9980238597e-02
2.3817861857e-02
9.5281283222e-03
2.1906320706e-02
1.1165841659e-02
2.7557691824e-02
8.0709830144e-02
1.9342516780e-02
1.4754899706e-02
1.5159855398e-02
2.2691067669e-02
2.1999808017e-02
2.4082556737e-02
5.3212299039e-02
2.7380014425e-02
3.0614789790e-02
9.8373443735e-02
2.1219485606e-01
4.9702397441e-02
1.5272613122e-02
5.6193705819e-02
7.8698912530e-03
2.7739827819e-02
2.1533895123e-02
1.7117287808e-02
3.5550142300e-03
1.8351261476e-02
2.1631474381e-03
7.7029999340e-03
3.0845383314e-02
4.4566413421e-03
8.1758006734e-03
1.4828351336e-02
2.0517800850e-02
3.3629081981e-02
1.8643713756e-02
2.9583581384e-02
1.1222233888e-02
4.1819696039e-02
5.4357978097e-03
1.2587595836e-02
1.4056160787e-02
2.3235025437e-02
4.7727352975e-03
3.9306342459e-02
4.4677585507e-02
1.3393652203e-02
7.6993543656e-03
2.6218157857e-02
1.3564696559e-02
6.0873538085e-03
3.4730620540e-02
4.7455498440e-02
2.8668534190e-02
1.0675798980e-02
3.9312602210e-02
1.0844473362e-02
5.5047936196e-02
1.5516738195e-02
2.4146248551e-01
5.0745366327e-02
1.4571309801e-02
2.3974777655e-02
3.7172893844e-02
2.3370398921e-02
1.0099769889e-02
4.2537633690e-02
1.7334004889e-02
1.2360519521e-02
5.3576661063e-03
3.8037069450e-03
3.7987328681e-03
4.6185973160e-03
2.6680724400e-02
5.7107009804e-02
4.3697521823e-02
8.2960206656e-02
7.5528485508e-03
2.3184678616e-02
9.3370541543e-03
3.2699587056e-02
9.7570937758e-02
5.1699705614e-02
3.8726379213e-02
9.3311008154e-02
1.0510995885e-02
4.0522142798e-02
1.7311392389e-02
5.4674919162e-02
5.3475398346e-02
1.5590072244e-02
7.3231007080e-03
1.6222369163e-02
1.6445263763e-02
3.4597833435e-02
4.5984719690e-02
2.2903499391e-02
2.0940292598e-02
2.0018908114e-02
3.3518666875e-03
4.5462860971e-02
2.3411058677e-03
1.4045539409e-02
2.7823997077e-02
1.9604670373e-02
1.3977509035e-03
4.0225759538e-02
1.4083076000e-01
9.1449100511e-03
2.1749925508e-03
4.4507744269e-02
8.7653108941e-03
4.1241316239e-03
7.1628242639e-03
7.6931866602e-03
1.6310348602e-02
1.9133783712e-01
2.4532619086e-02
5.9390847884e-03
9.6909963925e-02
2.3719806270e-02
2.5801039537e-02
2.5883870908e-02
1.7072995561e-02
2.1906256827e-02
5.0528934566e-02
8.9544770986e-03
6.4337268355e-02
7.1488854970e-03
1.0612737630e-02
4.0768705651e-02
1.0485705232e-02
6.8740011230e-02
2.8950822834e-02
2.0433514642e-02
8.9701316143e-02
3.3317438270e-02
4.7984679636e-02
1.8376754555e-02
2.9845183049e-02
1.8763338113e-02
2.5258878787e-02
9.3290285846e-02
5.6976932992e-02
2.0498908522e-02
1.0473041653e-02
1.2489145656e-02
7.7290321138e-03
2.0864399178e-02
1.3389258960e-02
2.3422297108e-02
3.4032224935e-02
3.0558877212e-02
1.2890459485e-02
2.4819875480e-02
4.8745019200e-02
4.8918357069e-02
3.2897163196e-02
2.7286546967e-02
1.7334418636e-02
2.0144670020e-02
2.7860529019e-01
2.5646287675e-03
1.5149037350e-02
5.3340681016e-03
1.5946562778e-02
4.2177096745e-03
1.5982880422e-02
3.4575337839e-02
1.7912179084e-01
1.5487935243e-03
8.8432461810e-03
2.4826351571e-03
8.7117607864e-03
1.3156829208e-02
8.8050423338e-03
1.0357607286e-01
2.7973860755e-03
1.1117540835e-01
5.0145878896e-03
1.2295760709e-02
8.8556635268e-03
3.6984448207e-02
4.3053750062e-03
9.9488152407e-03
4.8780199421e-03
2.5568480491e-03
1.5790457482e-02
5.4166142331e-03
9.6513693585e-03
8.3501781836e-03
5.9654775417e-02
3.7026063093e-03
3.4493544869e-02
9.9705634121e-03
9.2531110180e-03
1.1321557221e-02
4.7082588816e-03
1.7251887152e-02
8.5957633838e-03
2.7254503409e-02
1.4869351401e-02
3.2532764146e-02
3.3964679575e-01
1.2773197681e-02
9.7829633131e-03
9.6759816441e-03
6.3984386597e-03
1.3126872522e-02
5.3381980487e-02
1.6693976930e-02
4.7084161611e-02
3.1621122385e-02
4.0922427360e-03
2.7544736477e-02
1.3403875092e-02
1.0978610938e-01
7.0780066474e-03
2.4104794074e-02
6.4616676111e-03
4.4922035726e-03
2.4117229972e-02
1.7445625070e-02
4.6496896234e-02
4.5398172639e-03
2.7785417539e-02
4.2524352295e-03
2.1410696294e-02
1.6495423227e-02
2.3076085869e-02
1.5428280695e-02
1.0812642456e-01
8.0280186810e-02
1.3167771335e-02
7.3416348351e-02
2.7745532668e-03
1.0178723521e-02
1.2005580822e-02
5.3290978344e-02
2.1439780080e-03
1.0741019568e-02
9.7535872970e-03
9.0146387526e-04
4.2833230787e-03
7.7384135209e-02
1.2462904599e-01
5.5583766629e-03
1.1003615176e-01
5.4009686084e-02
5.8913801954e-02
2.6991455093e-02
1.0649797983e-03
6.8569987950e-03
5.1069628892e-03
1.6567261408e-02
6.6019416789e-03
1.6766924991e-02
1.7944998471e-02
1.0091751487e-01
1.4277122165e-02
3.2737811343e-02
2.5573842324e-02
1.9080221021e-02
6.9299045775e-02
1.7181520000e-02
2.3042632823e-03
4.9446104099e-02
6.4666247849e-02
2.1311459482e-03
1.4895402685e-02
5.5810043449e-02
5.2791333347e-03
5.9133424835e-03
3.4498962360e-03
1.0463752359e-02
2.8679993203e-02
3.8949651439e-02
5.8585415613e-02
2.7333446211e-02
7.3999740502e-02
4.4490714296e-03
1.5795200512e-02
1.6760266807e-02
4.8892663990e-02
1.3666880232e-01
1.0138017470e-02
1.1729809265e-02
1.1444165585e-02
5.2023479620e-03
2.1017410110e-02
3.0562159610e-03
1.1125181354e-02
4.7669107046e-03
8.4614919341e-03
2.8163455494e-01
3.6616731081e-03
6.4624779046e-02
5.3888131906e-02
1.8750704381e-02
4.5127530138e-02
2.3141257120e-02
1.7930300343e-02
1.9858763062e-02
1.8263090105e-02
1.9392240354e-02
1.8862005558e-02
4.3444674477e-02
1.4949953563e-02
6.0002364298e-03
2.0675440663e-02
1.4445222035e-01
9.8583231731e-03
6.9012572313e-03
5.6291218222e-03
1.1103780432e-02
2.6221737111e-02
2.8252245726e-03
1.6997085721e-02
1.9623001149e-02
3.3832948162e-02
3.9227550180e-03
1.7205072554e-02
4.7593723253e-03
1.3916847418e-01
1.2450087463e-02
1.2124387516e-02
1.3270194418e-02
9.2569555442e-03
1.7070297000e-03
9.8680505467e-03
4.8520157035e-03
2.6937651383e-01
1.2679178435e-02
1.2512690784e-02
5.8223137688e-02
1.4673856690e-02
1.4526884467e-02
1.7908014612e-02
2.5351576710e-02
1.3679453746e-02
1.0515974559e-01
6.9207426412e-02
1.0397173340e-02
3.3960863215e-03
1.1767089795e-02
2.3323355250e-03
3.2345592820e-03
2.7994722082e-02
6.1050348965e-03
9.2503783274e-03
3.7072789648e-02
4.6554163787e-02
3.9355480741e-03
5.4621293280e-03
1.5351748984e-02
1.9504779582e-02
2.0186686340e-02
1.6556358762e-02
2.1049342492e-02
1.7322384030e-02
5.9080225710e-03
8.4803314487e-02
5.9610353481e-03
5.2810316834e-03
8.0996611762e-02
3.5098976361e-02
3.4818868564e-02
1.9491266947e-02
2.0449641533e-02
9.3412666476e-03
7.1257201995e-02
1.1096757051e-02
4.7095529694e-03
6.2387294273e-03
1.1265238439e-02
1.5124552888e-02
1.4089596411e-02
4.7925988839e-02
8.9441369200e-03
2.1357975649e-01
7.9777627990e-02
2.7930489125e-03
8.3103593718e-03
9.8683425565e-03
7.7435644314e-02
2.6440431112e-02
1.2032305787e-02
3.1446814689e-02
7.8990462024e-02
1.6012919703e-02
2.4267078177e-03
8.3736174131e-02
5.3544369775e-02
3.4645279095e-02
2.3303697615e-02
1.8321127347e-03
3.1896627462e-02
1.7247065580e-02
1.9617153079e-02
2.1086248530e-02
9.9353419903e-03
1.4276624015e-02
9.1686976365e-03
1.9426102430e-02
1.2620871375e-02
2.0196487230e-02
1.1213610641e-02
1.6327357058e-01
7.2559121001e-02
2.1251260107e-02
6.1984735745e-02
1.1076592263e-03
4.9488688855e-03
2.2768768108e-02
5.1751018891e-02
9.0543441867e-03
4.0204548814e-02
5.6824089770e-02
2.9921927081e-02
1.7347430692e-02
3.7973950316e-02
4.7865220078e-02
1.1932109279e-01
4.0090223349e-02
9.4952077089e-03
5.4921967522e-02
2.0634743819e-02
1.5910686386e-02
3.5470429004e-02
4.1745734505e-02
3.2279568148e-02
2.2317758280e-02
3.3950533815e-03
8.8219249029e-03
3.3193828246e-03
1.1586525323e-02
3.9844266460e-03
1.6233575267e-01
2.9864347394e-02
1.1843972307e-02
6.3125153685e-03
5.2618940049e-03
3.0796806988e-02
2.8076967155e-02
1.1860103802e-02
8.9747975890e-03
5.9613942988e-02
1.2817548161e-02
1.9014009051e-02
1.1352500583e-02
1.3017794163e-01
6.1837283311e-03
2.3754649568e-02
1.7364692161e-02
9.4210073848e-03
1.4018258455e-02
2.3499832480e-02
2.0205969570e-02
1.6529329505e-01
6.5081141418e-03
3.9995174972e-02
4.3506561027e-02
7.2742054508e-03
1.1864770488e-02
1.4215436900e-02
3.0910170376e-03
1.9331820650e-02
1.5039040603e-02
2.3671970653e-02
7.8057796043e-03
7.3365442707e-02
3.7572276147e-02
6.4957781025e-02
1.8882497870e-02
2.9291627242e-02
1.2172736621e-02
9.3618070334e-02
1.1020042313e-03
1.3095894977e-02
3.2865025227e-02
9.5008768873e-03
2.9522755565e-02
6.3413703606e-03
4.8628357352e-02
1.1883035747e-02
1.1904801554e-02
2.9067366652e-02
2.0473898326e-02
1.6102007578e-02
8.4812560258e-02
2.1116841999e-02
6.8484796772e-03
3.0224619985e-02
1.9664638535e-02
1.6972189752e-02
7.7393956868e-03
2.0149412268e-02
2.2050987929e-02
1.0583458981e-02
2.4833634935e-02
1.1588030537e-02
2.0447956532e-02
2.7195714106e-01
1.9025355927e-02
7.4129681198e-02
2.0041316069e-02
1.4069046681e-02
4.4521482272e-02
2.3600638649e-02
1.3997121763e-02
9.7555514773e-03
2.7498451244e-02
1.0448413454e-02
5.9113413558e-02
2.6661698569e-03
8.6965341947e-02
2.6907207860e-02
1.2824038381e-02
2.9771354983e-02
1.5663496194e-02
2.5299114468e-03
1.8631078576e-02
3.5674681736e-03
5.2512646301e-02
1.4513614873e-02
2.7280892466e-02
3.7137089712e-02
1.2506896763e-02
6.7677588675e-03
2.0506235220e-01
9.3998244215e-03
2.6641359121e-02
5.1826304295e-02
9.9352462868e-02
3.9019276342e-03
5.8220351454e-03
8.1304840725e-03
1.3060077283e-02
5.1723837879e-03
2.1994576681e-02
5.3861520050e-03
7.3723101011e-02
3.3118348612e-02
1.1956897903e-02
1.6093332996e-02
9.0413166192e-03
4.6011862574e-02
8.9950306520e-03
2.5371612294e-02
2.8975552939e-02
1.2286263148e-02
1.7082052419e-02
1.9150891519e-02
3.6303533657e-02
3.1582749017e-02
2.3715886875e-02
1.9339536712e-02
1.1054463498e-02
1.8581155423e-02
3.7708824213e-02
1.4901233871e-02
3.6504901749e-02
2.4168234182e-02
2.0318881982e-02
2.3486265979e-02
8.3520985086e-03
1.9166513694e-02
1.6870058479e-01
4.1686530276e-02
1.0117016148e-01
1.6768038659e-02
2.3300512315e-02
1.0506830347e-02
7.6667867862e-02
3.5410721915e-02
1.8532856081e-02
1.5157034753e-02
4.1077293415e-03
6.7502489859e-02
2.9744574037e-02
2.1318310937e-02
4.0501163079e-01
3.0421004601e-02
8.4963072839e-03
2.0454905945e-03
2.7782314993e-03
1.7058526800e-02
3.3335289830e-03
2.7908665885e-02
7.4860874668e-02
6.2730003847e-03
8.8249595405e-03
2.5090533862e-02
8.8899669284e-03
9.7091097291e-03
3.0520123895e-03
3.1829746269e-03
4.6537592105e-03
2.4335001085e-02
1.7721371390e-02
4.9563217745e-03
1.8347178978e-02
4.0065477419e-02
9.0183332907e-04
9.1028750167e-03
9.1178443908e-03
2.8078924486e-03
3.3871606384e-03
1.0499336158e-01
2.0452451725e-02
5.8497182444e-02
4.6822858944e-02
3.5906146608e-02
2.0471389312e-02
2.0378005151e-02
7.6156825350e-02
8.7885240213e-03
9.3835115002e-03
1.2052869180e-02
1.9600956900e-02
2.1115781970e-02
1.2438120073e-02
1.0485361437e-01
3.0722071313e-02
3.7409257882e-02
2.7624007862e-02
2.1707625066e-02
1.9384159191e-02
3.2885090772e-02
7.7206750425e-03
4.6339947128e-03
1.0858960203e-02
5.0239659757e-02
1.3935785227e-02
1.2312316027e-02
3.8027385337e-02
1.2329394349e-01
2.0931199616e-02
8.0348014874e-03
1.6433547430e-02
5.6927282033e-02
3.1389253580e-02
2.9455211690e-02
1.4920876192e-02
3.1101445701e-02
4.6077305135e-02
6.1746399852e-02
1.3250531794e-02
8.3582581086e-03
5.5370994502e-03
1.1330958328e-02
2.9319188265e-02
4.6855625526e-02
7.4822867868e-02
8.2111373022e-03
5.7931293590e-02
4.9996166829e-03
7.5299865317e-02
2.0406082931e-03
8.2842034125e-02
2.3289300180e-02
5.3813629752e-02
3.6160383238e-03
2.1774451193e-02
1.5060779191e-02
1.4828744073e-02
1.6390366837e-02
7.7986163969e-02
5.2191784920e-02
1.1831708052e-02
3.4774130214e-02
1.1222369951e-02
2.7730956545e-02
1.0053358022e-02
1.0348941560e-02
4.8222182056e-02
1.3354884678e-02
8.2593302145e-02
3.0836465049e-02
6.4673305947e-03
1.1893579386e-03
8.3906930882e-03
6.6008828144e-03
3.1487704568e-01
6.0891824565e-02
2.7305630563e-02
3.6951449316e-02
3.5929493157e-02
9.5650197880e-03
1.5090002124e-02
2.1465129397e-02
2.1227677235e-02
6.6308635864e-03
2.6082134404e-02
2.3553528597e-02
2.8081706933e-03
3.0161426026e-02
2.5452831717e-03
6.8940092412e-03
1.0437246738e-02
4.9258108149e-03
1.7418758136e-02
3.2926310720e-02
5.1608512881e-02
2.2647275218e-02
1.6063518323e-02
7.4820009430e-03
1.5285997154e-02
5.5506157236e-02
2.1288820136e-02
1.3291080905e-02
6.6205353615e-03
2.9810963695e-02
2.1518444939e-02
5.4053382879e-03
5.4662340776e-02
4.2675989203e-02
1.3112085537e-01
3.7699877332e-02
1.6342464738e-02
7.1669964666e-03
1.8266546797e-02
3.2372556594e-02
1.0414799428e-02
1.5982840326e-01
1.1306320870e-02
2.0503857534e-02
9.7923626898e-02
7.8513778978e-03
1.0631003003e-02
3.2839232992e-02
4.0527569772e-03
2.7046439739e-02
1.2192193476e-02
3.3178515613e-02
1.1996020086e-02
2.7654967974e-02
4.3340241480e-03
4.5235999919e-02
5.2195950279e-03
2.5738518483e-02
4.6455513318e-03
7.0624900655e-02
4.6596205761e-03
6.2052502754e-02
5.6839948956e-03
6.2838000493e-02
6.4838437499e-03
1.0663706162e-01
3.9373763518e-02
1.7168683797e-02
3.3088545945e-02
2.8893355646e-02
8.3553211503e-02
2.8881304946e-02
1.7850572217e-02
1.0116023661e-01
7.0857017154e-03
2.1812477377e-02
5.8418734678e-02
1.4518529166e-02
9.8041194166e-03
3.6723817773e-02
2.8230519816e-02
3.4159382405e-02
9.2633485403e-03
1.3692006526e-02
4.8240541917e-03
7.3440205597e-03
3.9158620270e-02
2.3719570578e-02
3.8379122716e-02
1.8343353022e-02
7.0847607176e-03
2.9679933022e-02
8.5568348459e-03
3.2706766464e-02
7.0006565066e-02
3.7049945550e-02
2.4116718325e-02
2.6269898038e-02
3.6377184207e-02
1.5481548672e-02
6.8035475575e-03
4.6532920383e-02
8.7791033155e-02
2.3893806024e-02
6.2125301551e-02
1.4228546796e-02
1.9070820025e-02
5.3709054150e-02
2.8689042538e-02
3.8985668512e-02
8.1119551032e-03
6.0131836338e-02
5.1779459383e-02
1.0061582687e-02
3.4406410505e-02
1.4739627960e-02
1.7275979668e-02
1.4732586169e-02
